# 0 0 0 0
0 1.61608e+13 1.85429e+09
1 3.16688e+11 9.46348e+09
2 7.51253e+09 8.66332e+08
3 2.23376e+08 2.3707e+07
4 8.59791e+06 2.05666e+06
5 272089 135652
6 11269.5 9611.38
7 557.007 668.964
8 27.7169 45.761
9 1.58045 3.49544
10 0.0781144 0.221098
11 0.00343644 0.0155442
12 0.000297124 0.000963326
13 2.43412e-05 7.24943e-05
14 1.49447e-06 4.20459e-06
15 1.33341e-07 2.93299e-07
16 1.03016e-08 2.26461e-08
17 5.9402e-10 1.21875e-09
18 4.6557e-11 5.54967e-11
19 -4.23411e-11 -3.53488e-11
20 9.02459e-11 -1.30239e-10
21 -1.26388e-09 3.74154e-09
22 1.32128e-08 2.72276e-08
23 -1.55588e-07 -1.34747e-08
24 2.06054e-06 -3.79309e-06
25 0.000198214 -0.000257043
26 0.00550857 -0.00722118
27 0.0478433 -0.0750155
28 0.187692 -0.962425
29 0.353929 0.284445
30 368.09 50.6359
31 11440.3 478.059



