# 0 0 0 0
0 4.55384 -0.0147405
1 0.150455 -0.00195718
2 0.00569166 -0.000129812
3 0.00025696 -5.64135e-06
4 1.18916e-05 3.87104e-07
5 5.43953e-07 2.99506e-08
6 2.93674e-08 2.78423e-10
7 1.73756e-09 -9.93036e-11
8 1.36815e-10 -1.42234e-11
9 9.87056e-12 -1.64396e-12
10 5.67413e-13 -1.27389e-13
11 3.57869e-14 -6.23595e-15
12 2.43187e-15 -7.59645e-16
13 2.12828e-16 -9.12171e-17
14 1.41701e-17 -7.11641e-18
15 1.15835e-18 -6.69935e-19
16 1.02247e-19 -4.90599e-20
17 4.90709e-21 -5.81504e-21
18 -2.28006e-22 -2.12477e-22
19 1.49472e-21 -3.72869e-22
20 -4.56889e-22 -6.9076e-21
21 1.79246e-20 2.97756e-20
22 2.04749e-18 2.36269e-18
23 1.30496e-17 1.81987e-17
24 4.39813e-16 1.8046e-16
25 1.15394e-14 2.69089e-16
26 1.9569e-13 -1.08639e-14
27 3.13755e-12 -1.24096e-13
28 4.70807e-11 2.97648e-12
29 5.07189e-10 1.38003e-10
30 2.39531e-08 3.75559e-09
31 4.66411e-07 5.33858e-08



