# 0 0 0 0 0 0 0
0 1.82545e-05 -1.26827e-07
1 3.80456e-09 -1.01861e-10
2 2.73694e-12 -3.59806e-14
3 2.9736e-15 1.1304e-16
4 3.67183e-18 6.33484e-19
5 5.12365e-21 1.38778e-21
6 8.18701e-24 2.81898e-24
7 1.48541e-26 5.81362e-27
8 2.20013e-29 1.16413e-29
9 2.57939e-32 2.00371e-32
10 1.75371e-35 3.55403e-35
11 -1.42147e-38 4.45468e-38
12 -1.23014e-40 5.68708e-41
13 -3.42659e-43 -2.7819e-45
14 -1.05633e-45 -6.65489e-46
15 -3.0002e-48 -2.6349e-48
16 -1.29837e-50 -1.27602e-50
17 -1.60912e-51 1.81461e-51
18 -4.62323e-49 2.52113e-50
19 1.90521e-46 -4.57455e-47
20 1.16549e-43 7.47467e-44
21 9.75808e-41 2.22171e-41
22 2.78048e-38 7.37159e-40
23 1.26194e-35 -1.02909e-35
24 5.04109e-33 -3.02977e-33
25 5.90958e-30 1.53285e-30
26 4.05243e-27 1.03117e-27
27 1.26853e-24 3.34905e-26
28 6.1811e-22 1.46342e-22
29 4.68895e-19 7.07665e-20
30 3.87673e-16 -2.61906e-17
31 4.63049e-13 1.51552e-14



