# 0 0 0 0 0 0 0
0 1.52123e-05 -1.05862e-07
1 2.59762e-09 -6.94062e-11
2 1.87222e-12 -2.46932e-14
3 2.0341e-15 7.69416e-17
4 2.51086e-18 4.29266e-19
5 3.5053e-21 9.39816e-22
6 5.60575e-24 1.9097e-24
7 1.01862e-26 3.93965e-27
8 1.52216e-29 7.90735e-30
9 1.81392e-32 1.37119e-32
10 1.3163e-35 2.4213e-35
11 -7.70838e-39 3.06504e-38
12 -7.97975e-41 4.04128e-41
13 -2.21243e-43 3.92292e-45
14 -6.87026e-46 -4.31621e-46
15 -1.94943e-48 -1.72219e-48
16 -1.08762e-50 -1.07374e-50
17 -1.41082e-51 1.03564e-51
18 -2.36019e-49 7.84238e-54
19 1.01011e-46 -2.53846e-47
20 7.14422e-44 4.93048e-44
21 5.81668e-41 2.92795e-41
22 1.35886e-38 7.55823e-39
23 8.54687e-36 -6.44934e-36
24 3.83395e-33 -2.12034e-33
25 4.37079e-30 1.0397e-30
26 3.42525e-27 7.68448e-28
27 9.84696e-25 4.27792e-26
28 5.25649e-22 1.16274e-22
29 4.02647e-19 5.26661e-20
30 3.52253e-16 -2.50963e-17
31 4.46526e-13 1.4941e-14



