# 0 0 0 0
0 -0.0555111 -3.81509e-20
1 -0.00118758 3.23135e-21
2 -7.16998e-05 -2.23651e-23
3 -5.35136e-06 2.90657e-24
4 -4.26049e-07 9.08073e-25
5 -3.502e-08 1.06975e-26
6 -2.96499e-09 2.08762e-27
7 -2.65304e-10 -5.63953e-28
8 -2.35833e-11 -2.30934e-29
9 -2.06356e-12 -4.5391e-31
10 -1.7895e-13 1.46105e-31
11 -1.55914e-14 2.51178e-33
12 -1.42143e-15 1.60701e-33
13 -1.24856e-16 4.293e-34
14 -1.08803e-17 -4.6064e-35
15 -9.64473e-19 -3.86775e-37
16 -1.6952e-19 1.23683e-37
17 -9.53783e-19 1.25009e-36
18 -1.06656e-17 1.38982e-35
19 -1.19758e-16 -1.77346e-34
20 -1.39555e-15 -1.00245e-33
21 -1.63917e-14 2.09833e-32
22 -1.95538e-13 2.4906e-31
23 -2.05189e-12 2.81733e-30
24 -2.25633e-11 -5.245e-30
25 -2.73536e-10 -8.43929e-28
26 -3.22073e-09 -5.4604e-27
27 -3.83515e-08 1.07903e-25
28 -4.55874e-07 -1.09121e-25
29 -5.70192e-06 -9.79576e-24
30 -7.18736e-05 -2.30569e-22
31 -0.00113944 -1.25279e-21



