# 0 0 0 0
0 2.62207e+06 2427.31
1 366579 5338.68
2 56675.8 3351
3 9803.44 547.241
4 1937.65 247.386
5 353.02 87.0576
6 74.9816 27.9147
7 17.6611 8.08833
8 4.22667 2.31781
9 1.09581 0.693956
10 0.259655 0.184206
11 0.0639013 0.05161
12 0.0166021 0.0121124
13 0.00457891 0.00315825
14 0.00109311 0.000716804
15 0.000295146 0.00016989
16 8.12255e-05 4.42173e-05
17 1.78918e-05 9.85514e-06
18 2.02355e-06 9.93457e-07
19 -1.12817e-06 2.0527e-06
20 -3.06575e-07 3.42347e-07
21 -1.53846e-05 1.72932e-05
22 3.44704e-06 3.9265e-05
23 -0.000133176 -0.000124546
24 0.000541134 -0.000763491
25 0.00789865 -0.00550948
26 0.0441974 -0.031518
27 0.101098 -0.108395
28 0.326029 -0.302458
29 0.347625 0.318466
30 11.3214 2.45608
31 65.7869 1.32696



