# 0 0 0 0
0 1.3903 -0.0100573
1 0.252761 -0.00364612
2 0.0491037 -0.000966971
3 0.0104515 -0.000255613
4 0.00225534 -8.57419e-06
5 0.000485266 6.70578e-06
6 0.000112821 2.79567e-07
7 2.76547e-05 -6.77849e-07
8 7.6946e-06 -3.58872e-07
9 2.05495e-06 -1.55449e-07
10 4.9689e-07 -5.39906e-08
11 1.24675e-07 -1.04941e-08
12 3.26606e-08 -4.17014e-09
13 9.72349e-09 -1.6401e-09
14 2.54257e-09 -4.45478e-10
15 7.31546e-10 -1.33952e-10
16 2.1241e-10 -2.35319e-11
17 5.22876e-11 -1.87734e-11
18 4.046e-12 -1.71103e-11
19 -9.1968e-12 -8.57874e-12
20 4.21224e-11 -1.42212e-11
21 2.65854e-10 -2.58557e-11
22 1.3581e-09 6.0048e-10
23 4.16421e-09 1.05416e-09
24 1.82606e-08 9.37935e-10
25 8.49352e-08 9.7505e-10
26 3.41429e-07 2.65365e-10
27 1.34298e-06 7.75259e-08
28 4.8248e-06 3.12009e-07
29 1.59272e-05 1.42895e-06
30 0.000104231 6.97592e-06
31 0.000434996 4.6696e-05



