# 0 0 0 0
0 -0.000328846 2.2846e-06
1 -3.20387e-06 8.57624e-08
2 -3.8176e-08 5.01657e-10
3 -5.55733e-10 -2.11629e-11
4 -8.6213e-12 -1.48751e-12
5 -1.46358e-13 -3.96741e-14
6 -2.76221e-15 -9.5263e-16
7 -5.60073e-17 -2.1962e-17
8 -9.33773e-19 -4.95396e-19
9 -1.24936e-20 -9.80041e-21
10 -9.7473e-23 -2.00957e-22
11 9.39548e-25 -2.8869e-24
12 8.83737e-26 -4.05122e-26
13 2.78557e-27 1.81104e-29
14 9.85361e-29 6.21203e-29
15 3.16765e-30 2.79065e-30
16 7.73444e-32 7.6021e-32
17 1.66351e-33 -1.7657e-33
18 5.11012e-32 -7.58166e-34
19 -1.05681e-30 4.30888e-31
20 -7.60946e-29 -4.32964e-29
21 -5.18412e-27 -1.94796e-27
22 -1.17244e-25 -3.39475e-26
23 -5.84937e-24 3.59217e-24
24 -2.19596e-22 1.01816e-22
25 -2.06645e-20 -6.03868e-21
26 -1.26854e-18 -3.3389e-19
27 -3.20805e-17 -1.17561e-18
28 -1.3383e-15 -3.042e-16
29 -8.05836e-14 -1.05751e-14
30 -5.3198e-12 3.7135e-13
31 -4.04915e-10 -1.40071e-11



