# 0 0 0 0
0 2.61865e+06 -2841.21
1 366694 5643.18
2 56318.1 3142.17
3 9694.86 488.652
4 1905.42 203.448
5 348.38 77.9209
6 73.856 27.0326
7 17.2816 8.24188
8 4.09222 2.35082
9 1.04983 0.693781
10 0.256817 0.181359
11 0.0644855 0.051683
12 0.0167309 0.0126934
13 0.00470033 0.00355682
14 0.00115815 0.000880209
15 0.000324413 0.000236834
16 8.91611e-05 6.80751e-05
17 2.19506e-05 1.62164e-05
18 5.08821e-06 1.88466e-06
19 3.95044e-06 -9.1771e-08
20 2.57559e-05 -1.30999e-05
21 6.81917e-05 -2.80467e-05
22 0.0002306 3.22268e-05
23 0.00034553 -0.000214051
24 0.0019364 -0.00116555
25 0.0130668 -0.0051423
26 0.0706121 -0.0246592
27 0.249748 -0.0684589
28 0.581322 -0.461516
29 0.674188 0.0317755
30 13.5579 -0.952922
31 69.6693 1.17457



