# 0 0 0 0
0 1.39166 0.00539989
1 0.252263 0.000284487
2 0.0491075 -0.000148105
3 0.0104138 2.60596e-05
4 0.00222898 7.77062e-05
5 0.000477178 2.03423e-05
6 0.000110722 8.56064e-07
7 2.69135e-05 -9.13507e-07
8 7.55432e-06 -4.33915e-07
9 2.04817e-06 -1.881e-07
10 4.92559e-07 -5.63903e-08
11 1.22837e-07 -1.16179e-08
12 3.2196e-08 -5.51787e-09
13 9.63023e-09 -2.23195e-09
14 2.48516e-09 -7.41508e-10
15 7.1236e-10 -2.47869e-10
16 2.11793e-10 -7.5729e-11
17 5.20911e-11 -2.68874e-11
18 4.87878e-12 -1.01513e-11
19 -1.55802e-11 -2.30443e-12
20 -3.71416e-13 -2.98512e-11
21 1.31696e-11 2.63938e-11
22 6.89968e-10 2.31383e-10
23 2.09037e-09 1.10765e-09
24 1.04102e-08 3.2531e-09
25 5.54698e-08 3.51003e-09
26 2.39732e-07 -5.00761e-09
27 9.67058e-07 -5.89829e-08
28 4.14544e-06 7.71216e-08
29 1.32626e-05 2.18969e-06
30 9.72554e-05 8.31353e-06
31 0.000449981 -2.02364e-06



